1030
15
1
4
8
56
72
5
3
92
58
20
4
2
3
85
72
73
49
46
41
75
78
79
73
19
29
27
21
23
21
50
13
15
16
17
18
22
44
77
88
99
66
55
33
22
11
80
50
60
47
72
27
15
1
4
8
56
72
5
3
92
58
20
4
2
3
85
72
73
49
46
41
75
78
79
73
19
29
27
21
23
21
50
13
15
16
17
18
22
44
77
88
99
66
55
33
22
11
80
50
60
47
72
27
15
1
4
8
56
72
5
3
92
58
20
4
2
3
85
72
73
49
46
41
75
78
79
73
19
29
27
21
23
21
50
13
15
16
17
18
22
44
77
88
99
66
55
33
22
11
80
50
60
47
72
27
15
1
4
8
56
72
5
3
92
58
20
4
2
3
85
72
73
49
46
41
75
78
79
73
19
29
27
21
23
21
50
13
15
16
17
18
22
44
77
88
99
66
55
33
22
11
80
50
60
47
72
27
15
1
4
8
56
72
5
3
92
58
20
4
2
3
85
72
73
49
46
41
75
78
79
73
19
29
27
21
23
21
50
13
15
16
17
18
22
44
77
88
99
66
55
33
22
11
80
50
60
47
72
27
15
1
4
8
56
72
5
3
92
58
20
4
2
3
85
72
73
49
46
41
75
78
79
73
19
29
27
21
23
21
50
13
15
16
17
18
22
44
77
88
99
66
55
33
22
11
80
50
60
47
72
27
15
1
4
8
56
72
5
3
92
58
20
4
2
3
85
72
73
49
46
41
75
78
79
73
19
29
27
21
23
21
50
13
15
16
17
18
22
44
77
88
99
66
55
33
22
11
80
50
60
47
72
27
15
1
4
8
56
72
5
3
92
58
20
4
2
3
85
72
73
49
46
41
75
78
79
73
19
29
27
21
23
21
50
13
15
16
17
18
22
44
77
88
99
66
55
33
22
11
80
50
60
47
72
27
15
1
4
8
56
72
5
3
92
58
20
4
2
3
85
72
73
49
46
41
75
78
79
73
19
29
27
21
23
21
50
13
15
16
17
18
22
44
77
88
99
66
55
33
22
11
80
50
60
47
72
27
15
1
4
8
56
72
5
3
92
58
20
4
2
3
85
72
73
49
46
41
75
78
79
73
19
29
27
21
23
21
50
13
15
16
17
18
22
44
77
88
99
66
55
33
22
11
80
50
60
47
72
27
15
1
4
8
56
72
5
3
92
58
20
4
2
3
85
72
73
49
46
41
75
78
79
73
19
29
27
21
23
21
50
13
15
16
17
18
22
44
77
88
99
66
55
33
22
11
80
50
60
47
72
27
15
1
4
8
56
72
5
3
92
58
20
4
2
3
85
72
73
49
46
41
75
78
79
73
19
29
27
21
23
21
50
13
15
16
17
18
22
44
77
88
99
66
55
33
22
11
80
50
60
47
72
27
15
1
4
8
56
72
5
3
92
58
20
4
2
3
85
72
73
49
46
41
75
78
79
73
19
29
27
21
23
21
50
13
15
16
17
18
22
44
77
88
99
66
55
33
22
11
80
50
60
47
72
27
15
1
4
8
56
72
5
3
92
58
20
4
2
3
85
72
73
49
46
41
75
78
79
73
19
29
27
21
23
21
50
13
15
16
17
18
22
44
77
88
99
66
55
33
22
11
80
50
60
47
72
27
15
1
4
8
56
72
5
3
92
58
20
4
2
3
85
72
73
49
46
41
75
78
79
73
19
29
27
21
23
21
50
13
15
16
17
18
22
44
77
88
99
66
55
33
22
11
80
50
60
47
72
27
15
1
4
8
56
72
5
3
92
58
20
4
2
3
85
72
73
49
46
41
75
78
79
73
19
29
27
21
23
21
50
13
15
16
17
18
22
44
77
88
99
66
55
33
22
11
80
50
60
47
72
27
15
1
4
8
56
72
5
3
92
58
20
4
2
3
85
72
73
49
46
41
75
78
79
73
19
29
27
21
23
21
50
13
15
16
17
18
22
44
77
88
99
66
55
33
22
11
80
50
60
47
72
27
15
1
4
8
56
72
5
3
92
58
20
4
2
3
85
72
73
49
46
41
75
78
79
73
19
29
27
21
23
21
50
13
15
16
17
18
22
44
77
88
99
66
55
33
22
11
80
50
60
47
72
27
15
1
4
8
56
72
5
3
92
58
20
4
2
3
85
72
73
49
46
41
75
78
79
73
19
29
27
21
23
21
50
13
15
16
17
18
22
44
77
88
99
66
55
33
22
11
80
50
60
47
72
27
15
1
4
8
56
72
5
3
92
58
20
4
2
3
85
72
73
49
46
41
75
78
79
73
19
29
27
21
23
21
50
13
15
16
17
18
22
44
77
88
99
66
55
33
22
11
80
50
60
47
72